enjoyLiraJAPAN 4479943 3770964 8195
knife_party14 3511378 2748436 8316
balexundus 2571818 2188793 6222
Berserkene 2395974 1911522 2682
HomuraAkemi 2075373 1704516 1825
plusxel 1836891 1572802 4130
LazyEcer 1833463 1369289 7964
BingoBeatz 1699262 1336636 2976
No_Name_01 1681602 1346173 2938
inazumabeita 1641786 1124715 6275
Kts12 1503801 1163754 3532
CorvusV2 1334983 1028610 3860
BlockingDead 1315109 996075 6300
stacysmum 1269957 921904 4665
Nabobalok_61 1265749 927040 3367
TwoUped 1257623 956410 669
coldeach216 1253315 936592 2610
EnderMaster0824 1235584 878697 4663
wafflingblud 1201875 952536 1805
refrigerant 1158724 841651 4126
melonman43 1118233 906450 3370
K9L 1109410 887592 1573
VeryBad_ 1013356 836429 2372
PeteZadoe 1006985 818064 3380
Kurapeka 1006928 770013 1996
T0mmay 959738 696284 2781
steeg 955796 815793 1642
LonelyFoxx 933949 698604 4650
32RKT 916547 688525 2386
Binkyningy2 884531 604030 2112
Dire_Storm 877108 723474 1527
ChickenHeartNoob 843429 619301 3688
ebonypen 817283 691980 639
TG_KB 776988 617013 2162
FuRRRaira 773866 565913 2224
Akiyama_Mizuki_ 762027 628917 1521
Feral_Frenzy 741766 582561 1115
xAutumnnn 728562 577018 1778
Diamond2Powered 718468 490329 1734
LKfuturera 709266 533320 1645
NiLiteSB 703021 589697 1995
Actarnix 702312 544737 1362
Derp_jp 690560 509332 1969
overclouded 678273 440162 3895
LoveTForever 601826 467893 1389
UrSenpaiNicx 601826 467893 1389
HpMax 597083 475809 3383
CreativityAnt 597001 502470 1295
LqfeAreWolves 573897 232506 1908
TRCDeadShot 569550 429293 1646
PandaCountry 567663 456274 1478
Thunderstorming 543590 421692 373
Spirited_Away_ 534123 421173 1234
Oakie_YD 527635 427592 1461
YandereLovesYou 525931 433916 628
JustStriki 523835 378195 8530
redpurin09 509663 302483 2655
SpartanFerret 509105 294057 3737
BeeBiscuit 500549 351656 1516
ToastyOosty 485946 388555 1032
Crossandra 483930 350815 3050
mmm_3 480609 350085 1420
DreadLaser 474460 381805 1029
kizukuXmas 474091 338154 2047
wuqiongjin 473471 387100 1353
Tonaken 466050 405745 1491
Tochange 451449 357341 1009
genkai95 451098 350528 1134
puffleman3 450113 371624 570
_HansMC 444469 266405 1614
banana45021 433663 339080 1289
o_oBlu 425689 279582 1089
WaffleLovah 423668 368276 1043
AcNezuko 419565 323331 930
nish_91 415557 329091 562
Haoyu211 415411 282559 1038
OhCherry_Mia 415249 218518 1038
Bexbooks 411053 301572 1063
SansChan 408045 318948 3659
Razor_K20 403871 371188 948
PaulsRockstar 397590 282287 818
Bello2386 391062 259750 1382
yaminitis 389056 260186 2861
GUR1CO2020 387810 320134 922
Mgkh1 377504 200699 1915
lnua 369272 255372 1055
Miniki 366681 272521 2059
TehCorgi 361608 268170 662
Japt 361279 251912 607
Jums_Nelson_Man 355318 179079 787
ksheu 341871 262964 778
TechNiKaL337 333673 245565 775
Botanybilly 333192 268650 945
Omasu_chan 330900 265687 737
ChillMate 322358 263662 1202
celrey 320179 210037 1056
Glowystone 318481 253292 813
Maoijoon 311338 242272 621
TomtexCZE 308297 148672 1332
Huge_Pike 307109 212733 805
TheSmookas 305755 213977 1310
McGarnacle2015 304648 236565 491
Vicious_Metal 303612 212644 416
acenxn 299411 225712 800
ryotaro02 298650 197500 1016
nnyes 298390 133264 2372
bantik 295050 189880 631
FTLoopoplays 291452 176828 1036
SimonCantShoot 288897 214838 565
SimonCantShoot 288897 214838 565
wonder1155 288672 166878 987
MasterChief18 287440 209816 1111
YouOne_ 280537 220801 677
Illya_666 280327 164132 4602
Khantest 280031 200757 628
7AteNein 279973 211305 686
HyperEnder 279642 217962 1004
Tie_gao 275248 209715 1091
Foxorange 275204 196494 1299
_Ayi 272069 221467 540
Mr_Charge 271541 199222 1040
polythene_wjx 270519 212969 451
Iesy_21 269243 130271 1940
alostman 258812 187922 602
Zomega_0314 258393 198853 704
Mat_the_w 253928 145888 908
_Dorian_Z 253498 192655 734
That_Guy420 251058 179571 755
rovse 250698 185208 590
Sophia__ 245761 174319 730
BerryMochi 245154 190598 552
Another_GHP 244573 190215 1118
atomicgag 244070 191553 1351
_Syamu_Game 242151 195795 491
kamesukekamesan 241939 168890 859
TATSUKI123 241306 176926 722
San_Marino 239977 172922 928
casssidooodle 238829 146157 1026
nemesisofAres 235993 174262 479
Andreais 235982 155379 696
Mandalorian_HK 235654 176081 773
Lermonix 235323 181273 578
Maeonovsky 234597 165450 809
dogettes 232836 182733 626
Tinberg44 231173 192541 470
warriorstamps 230891 135700 891
Saji_CPMagsino 229543 162687 712
Yloer 228125 170426 511
JulianElf 228008 173955 798
britalope 227345 178957 594
Glitchasaur 226864 138479 1119
Westuari 223649 175635 573
toroteru22 222867 157479 742
HeresyHunter 221123 156106 1066
Protoss052682642 219130 118009 943
Zodiarts 217864 181304 762
a12888154 217054 145359 556
KattieHikes 215342 140579 829
Suezees 214071 154384 548
rikiiii 212483 163450 684
s8rm 211131 113906 1257
BigNutz6969 209966 147747 630
_SuperRobin_ 209595 125494 828
DeSanta_Ven 208541 138203 628
Palouz 207871 157948 622
BlackDragonZer0 207868 135497 1360
Real_Pou1et 206579 142662 845
WitheredBear 204721 122326 940
IJNMrT2682 204556 148666 733
Sadast 203789 142368 759
sscream 203561 141445 1543
lucifvr 203362 119160 477
DosteStoFtoxoLao 202155 107637 565
0hAtaraxia 201152 147157 977
Model65536 200983 120145 839
1GoodSteve 200156 159874 395
GollyGebus 199995 140072 714
Big_Adc130 199187 136463 468
Proyuta 198883 110650 596
Lizard3 196638 157936 408
KeybladeWielder_ 196357 64874 1239
CmdrGod 195696 150573 465
EvilMortyC919 195202 140053 783
BUFFYVAMPSLAYER 194512 128462 541
aoru406 194335 141653 453
aquacaptain4207 194105 138806 571
JeyNyx 193373 151131 450
MCN3WB13 193238 160255 477
SaturnX_o 189437 98540 851
kalaazar5 189382 103244 1209
WhatsCPS 189147 114352 2149
Droxeren 188408 151320 203
Winter_Solace 187040 124267 347
sniper68 186999 150136 298
Quely_46 186130 152021 1102
MAITRE_ZEN 185905 146887 1205
joebidensshoes 185122 117525 411
ponkae 183668 125006 779
LizardsGrace 181605 94526 1008
EkaLipse 180888 134587 1245
Skrublicious 180554 149488 172
whitecatebup 179680 106191 638
Helium_1s2 179378 141928 245
Santko 178487 115575 546
Clickbaitable 177935 141183 381
bvnii 176923 108911 862
Nirutya 175509 114867 605
HollowSculks 174799 80564 996
Paelleon 174574 131098 258
Navis_Aeria 174315 126991 536
TW_Pzm 173214 115646 575
Psychomentalist 173121 144719 504
hirakoya 172754 101854 558
WaterLikeIce 171058 105788 530
tomozen13 170098 105488 672
naturelovernick 169600 109286 759
luhs 168472 122382 416
Ardyn_Izunia 167846 132690 265
maestrdog 166596 134119 335
Transless 166522 87242 955
Dreameryoubai 166121 96016 1164
_F00D_ 165623 132862 450
Alexx1391 165271 101732 609
RisenKnight 165074 101647 455
EMUbuffet 164504 112635 653
fpstamagosanndo 164026 120507 543
FallingStars 163948 126041 481
Stampy_fan2 162498 111642 443
Rayjer 162150 120727 408
PriCap 162123 100654 686
its_yggdrasil 161445 105904 607
lina_rain 161132 59336 606
TheDoomOverlord 160706 103952 445
beehive001 160421 105413 910
genkai9506 159995 124784 343
Shadow_CR7 157840 129521 354
glittrprism 156495 106854 422
bummered 156366 111978 388
Xx_EmeronDC_xX 156315 125731 259
socialiism 156004 98333 2870
Coyotea 155785 114165 352
Jianju 155372 111017 411
KurukuxuI 154853 113904 393
RyanZhang1994 154721 123682 331
TheGCGamer 154620 103724 584
White_Pink_Cat 153494 115325 1337
3FM_ 153261 115723 369
Sparky1000684 153247 111250 636
pxckle_ 153156 89155 748
Trainer_Goh 152872 73804 1124
Lightback 152358 109986 578
CrossSlayer 152108 74604 652
Old_Gui 151830 112978 349
PepeTheFrog 151726 106922 431
tallZara 150655 99572 523
Hayleybaby101 150455 84060 800
kitsui_zzz 150114 110371 368
jhedgehog2 149685 91679 375
Blue_Ray 149553 107776 657
Lrctous 149453 119062 354
CastleCatt 149431 112943 383
VVVVXiaoWei 149064 113029 460
ThirdVision 148347 101013 1023
Scrounge 147958 82327 376
NimbusDodo 147305 59259 717
Pynki 146757 71589 484
origamifish 146062 109646 469
Alkiny 145061 113150 368
Sponkeh 145009 102397 383
DonutplayzMC 144221 96206 538
_Thinking_Face_ 143988 110966 494
HappyTheClown 142308 106096 418
Kimotokier3257 141978 98318 507
Deathmorphe 141818 118616 346
dattad 141288 113080 452
Kexalia 141270 59446 997
Slies 141176 97332 507
ebonypenn 140738 119618 74
mikkiiii 140443 95303 375
CookieBrunch 140384 95398 721
n01r3ally 140103 82739 445
blippa 139443 130431 376
MXCRVN 139443 91089 349
LovePvP 139038 64713 803
luercatcat 138109 104607 837
PuppyLuv237 137458 97605 606
nexdron 136427 110048 665
Galaxy_Bird_27 136271 81897 270
goruwa 136030 77758 1078
WFSA 135946 83890 590
_L3o_ 135699 82115 484
Demopan 135458 101150 382
kittypayload 134524 75276 911
VanillaOvO 133586 103192 373
FateChan 133394 106552 367
HDCat 132888 107036 110
bujductu69 132665 90121 428
Oaki_S 131487 78000 470
sillytown 130790 63189 571
NeilBrandon 130338 47049 572
ImViolationTTV 129954 94694 787
Dvrp 129468 105915 292
HarrytheStampy 129373 90364 482
Suzuka867 129258 88732 305
nikwolfy 128370 91871 389
wricc 127957 76093 448
vabaron 127320 79462 917
Hagridden 127292 80675 513
ImmortalQuasar 126813 93483 249
ETylerM 126106 78921 299
ReaperKEN4203 126046 91886 336
fireeeeeee 125938 86979 340
Oof_Skadoof 124983 82445 294
Ksorke 124482 100983 187
mariecalicocat 124409 65305 373
Misonokei 123935 73316 563
BobtheMango141 123918 102559 105
Sis_01 123490 91244 402
Monsterkill26 123311 75018 408
tnt0126 123228 82223 376
stevegamer142 123188 97985 269
skoschella 122882 47681 537
AmiCymo 121050 92470 294
JJDarts 120033 91802 302
gatorgags 119911 94372 251
OAO_miao 118904 77083 451
Cherrymus 118847 74903 272
bahamutslayer 118630 62621 629
marivi 118529 83535 702
CrumblingRoses 118514 82901 397
DeusKyogre1286 118179 94322 218
Sparklelf 117980 72513 699
Summer2016 117933 76286 298
yawhny 117549 80076 324
ThePC19996 117505 63014 448
fuyi6 117501 91280 214
MrFuru 116860 81221 423
AngeryMeowFloof 116660 83317 315
Mqttdot 115901 85724 288
Dwyrm 115399 86614 409
Polka_Shinoyama 115038 83447 309
Raastefer 114835 80540 312
KittyPeko 114732 71227 316
_hulkster_ 114725 34087 157
TurreMCPE 114685 86880 255
ANNOPOL 114374 78687 319
Cloino 114337 90872 212
Hibiikii 114157 73584 411
7Jed7 113068 65532 364
Nutella_MC 113016 65651 368
iliketroop1234 112983 83076 178
AndryGaming 112879 83328 286
skelette 112796 71238 331
Mostesial 112727 75489 343
jinsang2627 112700 80806 278
Droxen 112692 89062 78
ztsuria 112493 59194 337
Jaq3 112256 90208 315
Vanilla_Oreo 112165 60545 744
Tianjiqihang233 111915 89535 238
epic_evan1298 111215 86384 266
soccerkidJT 111081 92670 303
PearlBubleDoodle 110347 69609 364
1Buckethead 110287 66704 217
Cazre 109687 70048 425
LeftyGuns64 109521 68123 274
Sherbert54 109490 70270 479
BeanieTheQueenie 109231 70236 308
Divination_Magic 109138 66866 498
hivewind 109104 85580 950
zootie01 108326 81662 265
InsectEater 108244 59418 368
Slmia 107485 74532 284
Mesarovic 107383 70575 325
Eltshan 106596 86420 279
comigo 106510 83339 331
Vamptopia 106422 75627 347
Xenything 106121 75764 311
ADoorNob 106073 84947 161
Hasan70 105746 78738 542
Viniselke 105196 60214 484
GeNgPCG 105155 37324 526
Shingblad 105133 83315 125
ManLikeTakeshi 104927 71915 258
Ness 104906 82734 249
Warchad 104901 76877 215
creepersstink 104824 73161 373
OmgIsJorBear 104557 83033 219
tphoeng 104480 86271 206
Uruvela 103917 75682 284
Quest_King 103871 60603 501
TinyKitKat_ 103615 57651 569
HalfHeartWarrior 103577 78087 337
jaybarrocks11 103393 80459 160
alltiger 103383 81711 225
Lord_Slick 103286 61430 381
Shindyyyyyyyyy 103249 75671 297
RachelBelle26 103153 71125 352
JiaqiWu 102493 71561 298
Sirena31415 102343 85390 284
Foodrocks1 102319 74204 236
Slade248 102052 74058 512
DelNorteMC 101766 63316 571
Hatsuyuki122 101374 74700 314
skylar_357 101214 37042 273
Stiletto316 100224 81560 214
MC_KLC 100068 80362 430
lolitsjose 100063 57416 417
NOTNANCY 99854 66372 280
inooby333 99703 78419 280
markmyson 99362 57516 431
Fiery_ 99299 74324 228
HeWhoSaysNo 99068 73529 338
solador 98868 76214 210
GevSant 98831 79006 268
xFlixy 98785 58894 834
satoki_2132 98576 72399 275
KeqingFangirl 98159 73020 200
Inacent 97869 75742 332
Citrical778 97612 60740 407
Hy_hetah 97579 52104 618
tum2006 97548 47005 489
Crimson_Beauty 96514 72138 278
FaultiestWord 96481 63540 309
LordWernon82 96424 38749 395
cal123 96385 76330 286
Agresiva 96041 56108 230
_Twitchii_ 95860 40255 291
Fukuringa1246 95534 54708 352
MueTai 95215 64909 315
can_you_n0t 95176 72888 223
pand1024 94596 76294 240
zidaiokurebito 94582 67032 335
BigSus69 94568 62264 145
KOCTb 94403 71955 384
Emoglobin 94076 77132 78
society247 94016 53760 421
api0yokai 94007 72415 315
LesbianWarlord 93895 51967 335
VORTEXpl 93888 47010 390
fuyi114514 93827 75603 229
ExposedPlace 93793 59671 309
AlfaTayfa 93166 55126 273
Maganium 92946 69412 379
Vynox 92936 74517 195
Notsam2 92760 63001 279
FAFAQQ 92434 59295 275
Ajthepointgod 92412 41035 154
jgm4768_ 92171 45575 305
nanchan777 92125 59889 222
Gimoo_ 91605 47316 436
pjmangopie 91356 62979 398
Acivara 91339 61639 1026
Zero0Name 91291 58882 503
Evil_Mafia 91195 68135 253
TheShozenOne 90764 73978 161
SelfAwareToaster 90679 62956 471
bagelextrabutter 90196 55731 317
yee_starman 90121 58941 352
Rathslayer87 90000 63291 356
flintandpeel 89944 68434 359
Willsgb 89812 71801 187
Mortei 89604 50662 373
tonbei10 89600 55237 274
AlyCats 88638 39844 292
BeheldCactus 88343 44532 390
Mariodu74 88136 68378 182
B7Shadowbuilder 87961 37294 428
IANimation 87793 54427 287
TheTrueDarkToad 87676 50961 266
Owen35 87352 49559 303
Soy_Boi_ 87332 47520 266
maxidentt 87141 38072 423
Jhebii 86918 56089 259
scftboy 86849 46277 261
KilloCrazyMan 86651 72278 182
AlchemicHen 86626 66326 215
OnlyAlejandro 86610 42422 304
akihisa1708 86499 59776 230
otoMAD 86485 68333 356
afui 86450 66027 276
WistariaForest 86432 62870 267
MOA0703 86384 63464 551
Katie_OwO 86348 63306 201
livhy 86271 51755 829
MallowMarrow 86208 58190 440
Bgbros 86157 66037 284
Makatte 86142 62158 334
DepositMoney 86115 50499 270
uhh_dill 86069 53306 194
ZeusCannon06 86005 66796 144
AP_Calculus 85859 63119 279
LastZealot 85283 58691 294
_wild_kid_ 85178 67000 219
koakoa72 85162 47043 235
Anarcraft 84978 54349 276
ApolloHasLanded 83847 60667 261
BreakfastNoodles 83784 61478 293
KotatsuDefense 83628 64756 191
gemelo10 83595 64073 227
NilsThePotato 83563 63510 181
zxonii7746 83431 63573 200
SummerLan 83285 53284 333
MAJIGO 83268 57960 200
FoxyPeko 83194 51267 238
ShaniquaMcLovin 83103 43287 520
filomea 83079 47221 377
mopthemop 82841 49946 268
Yoriven 82773 51402 272
Stuckerrs 82720 45551 284
HP_Printers 82716 60710 217
Snow_Bud 82707 51835 405
YouOne_ 82473 62619 181
guojiangowo 82132 47959 262
Empty_card 81898 55695 267
CJOzvgo 81800 64140 210
dustingattack 81611 47599 342
Dyleze 81592 64884 544
Raindrop_OwO 81404 42648 301
Am_I_Real 81365 57016 410
LemonZero285 81301 50150 479
CoolPerson06 81273 49404 472
uhyeahwaitwaitw8 81257 57543 200
floot 81170 52214 230
opth_world 80890 35307 253
ShellySweet_13 80778 38961 261
MywifeIU 80761 65847 379
Craftthu 80741 55443 136
ATPSynthase 80673 67944 166
Hinalea 80643 63794 294
heyotothemayo 80505 63017 328
zakiks 80478 39428 341
officialmelody 80194 51596 229
SpacedSine 80181 58971 304
koutyalion 80071 61630 213
MrBlackest 80069 60132 151
modulatio 79998 64190 214
Gieswd 79605 55171 269
XCVigilance 79406 65623 159
MIDORIBI 79388 32776 260
MadameMaxie 79326 57649 235
26nm 79193 59354 314
PATMUPKA 79174 51699 259
Angry_Squid 79025 60151 227
Kyzamnol 79008 62364 173
Angellore 78988 37579 271
Norsk_railfan 78852 54306 119
Sharpsnap 78833 60722 354
Skitech 78759 58687 211
xHerobrine 78556 53635 258
PitFishing 78321 50394 1001
itzabbysnailxX 78317 38808 367
fritachy 78299 58646 606
DFlash59 78216 55471 237
Night_bow 77670 60293 198
Wasteband 77461 50188 266
Centripet 77426 56003 228
Stiegcoat 77397 47272 295
3siPqr_ 77203 46644 257
Shadowerogue 77085 51918 230
SuitedGuy 76894 56253 178
Shivved 76590 50401 212
Derpyfailz 76589 53906 196
nandak 76539 57320 175
Sylvalia 76515 57234 685
SaKl2006 76500 42353 326
SoUNdbWoYkILla 76407 61606 166
Hantur 76260 43672 255
Bweary 75953 41323 326
cleancut 75799 53829 263
astrdd 75790 49737 312
_GhostKir_ 75764 50826 223
SoundDoctor 75660 56215 330
Kairinezz 75641 44162 204
JK0Jeon 75488 37999 300
OriginalProNAI 75458 52397 210
Mr_CreeperL 75328 45205 257
Caless 75298 53842 353
iSagee 75204 51035 501
zmasTMF 75177 46125 306
BBQueRibs 75079 49751 294
kongbai1233 75030 33004 421
auguratio 74709 58631 237
Questionvoid 74679 51963 238
Inf3rnoo 74429 45264 319
maxa216 74414 41503 157
astroue 74309 48085 317
M4SY_ 73852 60263 149
eruxo 73596 40966 277
North__Starr 73529 40738 327
Kagerou_howl 73392 44963 230
bokerropi 73363 32614 163
Ruru_NA 73293 43655 199
Juancar 73269 50528 156
Czar_Nicholas_II 73103 50851 205
HellsGates33 73099 55036 143
KimBee1268 73078 53386 248
DX7f7fsky 72796 50276 282
0922louiewang 72721 55034 205
wire21 72538 57702 195
_Diamond462_ 72528 52930 222
Yevon 72472 59293 60
Pealize 72426 46860 155
Kococraft 72259 42091 108
hanapyi343 72235 55725 224
hokhok_K 72191 54546 193
Candes 72173 51202 265
Gatling_Zero 72168 59984 171
FrancoSaturno 72084 53776 90
johantheking 72068 47401 194
Calem_Senpai 72060 54037 134
Disney4Me 71984 57782 210
Tacala 71936 55509 214
margarine28256 71820 55583 288
TMARocks 71746 54642 262
saxtuchi 71649 56539 146
dreamiers 71328 47245 377
lcz7810 71199 52830 219
LexIsABot 71140 45671 271
JashyBoy 71037 46699 315
JoelSouthPole 70995 39244 159
betelgeuse97 70876 56678 136
Clockhearts 70795 50720 294
Arrowhammer 70561 50238 282
hirokikun 70497 53810 286
Gamer_Chris_69 70466 53262 181
TheSparttan117 70330 56343 126
Nina_Matcha_Rose 70327 45919 425
Tofu_Ivan 70163 51853 183
HazelApart 70103 42377 313
MrNexis24 70065 29659 210
ctw0401 69960 48396 176
xKamelson 69941 52432 159
Cosplay_Pikachu2 69930 34305 168
Poppylem 69894 49770 184
Geoff_Faux 69887 51934 178
UnSadique 69865 47956 271
Happyfrybreath 69760 35653 238
Cyxe 69636 32695 151
Makershow 69628 47597 270
BLOODBOILING 69404 41628 322
zirou520 69344 50056 315
Tothrees 69241 51773 117
mira150 69233 47359 505
Exobo 69232 50879 194
bibibim 69174 46036 133
vipwachtwoord 69153 44557 210
Misaka_Yunying 69125 55499 161
avaaidan 69086 52661 194
wallichi 69080 50222 200
Kittaisu 68771 50744 197
Stuphie 68675 54419 181
jgf 68597 50962 137
xOverMC 68587 50331 200
primakinder 68507 54688 115
FieryMatter 68259 25656 312
kentucky_mule 68019 38773 434
iRxe 67871 28170 72
CoreiBee 67785 28980 338
YasKweenWerk 67662 50430 251
CAPTRUN24 67658 46805 178
akikou01 67560 47134 178
candycane99 67379 34929 186
Bacace 67260 45473 184
Ke_Tingyu 67242 33083 405
foil_character 67218 46895 216
Tr4zher 67183 45731 240
loonyhead150 67182 43970 285
BigBootyBertha_ 67117 41457 219
AlamoAlex 67016 52379 317
tanto0103 67010 46080 143
DynamicRated 66991 46024 168
Traumatismo 66933 37721 231
spidereye101 66920 28990 309
kuro_silo 66906 40300 316
Winday 66887 56039 87
FoaFang 66882 39976 252
VICHOSKY_1312 66806 47614 169
Outskill04 66800 45724 238
SpicyPotatoes 66777 53529 235
WD2112 66565 49063 257
0_0lIIl0_0 66533 39826 245
awsomenez29 66533 38424 163
considermeadream 66474 35927 335
_eese 66446 45623 196
FrankBracelet51 66424 44469 256
Moniiika 66178 28538 158
Suhzie 66129 42297 270
Gominion 66026 38929 187
Namauchi 66018 47739 353
SBPF 65936 47559 133
Achilles_K 65905 42582 239
Meital_Void 65904 48006 143
ACErobotbear 65894 30401 225
0z_Vessalius 65813 43559 264
IceSpikePlains 65589 50023 140
XRiamX 65516 41520 228
Eggscended 65422 49863 171
Rezooo 65337 43563 240
Hoo_Lee_Sheet 65288 51314 130
torukura 65231 46796 319
aBlueLotus 65062 42912 252
HQManiac 65023 49587 162
nopeless 65011 45655 235
FlaccidGeoduck 64883 37069 295
zygomatticus 64883 41674 221
LadyBleu 64780 42967 191
pechie 64735 36859 253
AikoTheCat29 64733 53907 153
ooah 64669 55411 62
mohucat15 64540 47995 169
Bkide 64535 38451 218
Sonnesclair 64474 34860 244
Kyoko_Sakura_ 64388 53280 40
Brutus_16032000 64388 36745 254
Applejuice1sgud 64361 36862 282
Box___ 64338 27411 356
HagureMetall 64310 40370 173
DangerBook 63932 42210 180
SkykiritoXH 63895 43757 125
chuki50 63811 43580 192
Ivan0408 63799 41385 164
Portoss 63719 45686 233
mask_house 63624 26507 203
mine9327 63617 42638 140
Glelawyn 63613 44510 189
elriis 63561 41475 224
This_Bucket 63429 50524 157
CouldYouNot 63365 21857 201
jungye 63340 51296 238
Jin_Ya 63307 31968 454
bobjimway 63237 41118 196
JakeWarrior2016 63214 38551 300
SapWild 63198 43661 201
Armor_Fish 63170 38707 262
50ShadesDanker 63167 32212 165
Racer217 63134 35549 194
LaggyPyro 63093 47444 158
Checamno 62940 39323 265
Luceas 62934 41628 192
___Itachi 62918 38778 273
toadtoenail 62814 39368 363
Lukmaniac 62757 44436 224
bbwi_ 62706 37958 449
xGianboy_ 62639 26646 330
AmbassadorArt 62580 41926 197
DrFarto 62354 42725 176
K_Triplet 62338 39130 161
DenzelDxD 62326 41323 227
shooter202 62285 41167 155
AnotherPromise 62165 43942 199
Dispair_life 62157 40271 204
HastingsOuO 62076 38786 352
dewegon 62000 45759 310
badpiggies007 61994 19312 247
SoftAnxiety 61892 44340 214
Matt1512 61864 41970 190
KingErebus 61817 45512 145
MyFreddy 61689 35148 367
SPLATO0N 61475 40535 422
Spydino 61377 48793 115
DianaG1 61193 32179 326
AxisRed 61171 42931 222
P_PANIC 61162 44300 208
PresidentXi 61120 42364 91
SG_miya 61022 33291 182
pardoire_cz3 60884 44424 347
_Amy_Quill_ 60831 35726 169
corahh 60796 34579 247
pumpcon 60741 37668 432
Maximus740 60735 45192 268
littleman915 60431 45770 184
Ninetyone_91 60387 41386 218
mikomikomi 60386 49666 184
Wrxith_ 60381 37181 165
phantomjet 60302 35965 181
QuasiRigby 60162 39934 159
Gem_Productions 60155 34549 97
KTZ11 60152 33003 169
XcusanaIi 60057 39675 338
thedoublealpha 60023 35186 258
purblebag 59958 43082 270
McTsuru 59920 50644 165
xiaoyanyin 59902 43589 190
Demonrush19 59895 28797 190
magisaurous 59883 32847 259
LaPalomaOhe 59661 32884 262
johnhw 59629 36568 186
j33ll00 59602 26144 110
LaLaBear 59580 47533 84
FurretWalk 59502 43118 148
p0larbearrr 59476 43724 148
T1mb0l1mb0 59472 36158 303
Skripture 59457 40310 238
edcr 59325 46691 127
Razyrwynd 59201 41033 179
Hiiiii 59197 39204 417
so_kawa 59139 40837 220
WTD_ 59073 39186 184
Jxmiemie 58987 37499 192
Human32 58935 31794 222
_Sparkspirit_ 58885 43800 124
KubiKabi 58856 39038 203
babyboy233 58829 37010 225
Cheerai 58819 38793 237
NewMoonFeline 58802 39314 196
Azusa189 58789 37754 361
Nurarihyonn 58788 39657 283
xUwU_RAWR_UwUx 58743 41340 157
07MrSoupy 58742 42305 190
Derstine 58718 37519 216
Lalwen_Darluine 58546 45310 190
Kavehs 58442 36559 255
_Smokescreen_ 58342 45133 89
ROSEM_ 58336 30547 178
ninja1714 58299 46063 158
Paksakul 58291 21228 331
StqrShooter 58286 31324 220
campfirestarter 58262 30800 216
Yattin_g 58128 35792 281
JohannesMir3v 58000 44456 131
Waitances 57904 40624 192
_Kell 57896 34242 231
RandoTheG 57881 37979 192
Pig_Uncle 57852 40161 186
ATP_Soldat 57800 30110 171
StarNeverland 57713 37832 261
LegoMandalorian 57638 37674 106
TheGuyFromSchool 57595 40932 232
crane_crane 57483 44250 164
Kat_Crafted 57395 22434 238
michigun 57393 42868 127
xhnu 57292 36275 328
walter_ppk_ 57068 44160 74
ethfan922 57005 46474 137
Timebytime 56987 34467 195
FICOScore 56975 40848 170
fairyboba 56894 31805 289
GiggleWater 56839 16635 223
Life_Sea 56824 41724 217
hcley 56682 34974 297
ominon39 56620 45141 176
minecraftdude131 56588 37445 175
Mystea 56585 29557 299
MikeCrapht 56568 26530 179
BedistPiano3 56438 34556 153
NakkiKun 56294 38426 163
hito6519 56193 26000 278
jazified 56155 32284 295
Elemental_Reign 56041 42319 127
Fossilised 55966 43895 156
kurumnyk_ 55961 45221 206
RIPinPepperonis 55948 42777 159
Swape 55912 42314 187
timb25 55903 41927 273
YsakDEngl 55888 40949 121
koke98 55864 37555 203
tangwyllt 55777 45714 164
FoksId_Legenda 55760 34358 238
brian0510 55727 39203 143
cayuh 55708 40422 122
MiyukiDS_ 55684 40640 218
Jinturn 55670 39586 249
SmartSucker2538 55641 35183 226
FoxCritter 55591 32806 259
KinimoDSt 55556 35662 149
Mutsumi 55490 43471 228
Alinela 55454 26965 167
Jordansb1 55397 42042 125
Lukastar700 55387 38753 133
Ryuu0823 55328 34933 201
Vermilon 55227 28218 282
Quint1220 55157 40426 113
Gladbum 55027 37409 143
kinopio1214 54998 33147 112
DavidDCarey 54983 33258 172
Makentosh322 54963 33240 184
TornadoT11 54935 36074 54
BlackIceZane 54903 37247 251
Random_Guy_2324 54896 29099 110
TheTowel 54802 20753 339
SpacedOut_ 54747 30399 221
anarchymydear 54719 29512 220
Lyras 54662 32291 272
BolBans 54524 42225 144
Shiratama_Rizu 54425 37547 271
GuardRickC919 54362 41611 292
Rawrys 54293 38210 249
BrainZMC 54230 30316 223
TOMISYO 54205 44845 112
flomira 54203 21235 245
Voilyn 54177 40386 144
123GreenGuy123 54133 30559 389
yandereUwU 54112 37255 136
BryonyRoseriel 53992 39678 116
HockeyGivesLehL 53971 17346 228
sak1ra 53953 30876 146
haoyangw 53927 34178 166
Anaid_Gray 53905 20866 263
BubblyBibbles 53885 39617 175
SageIsMurd 53784 35114 179
PosedlaDablem 53748 42444 103
XenoStar54 53748 35054 210
IndigoBunting7 53676 34848 104
Wuyu233 53661 37985 253
Ereflyco 53583 34255 373
AlikArs 53552 28140 227
Adam_Piggy 53512 43004 124
bttn 53453 42893 147
Fre_shavoca_do 53427 29158 203
EmperorNorman 53389 31793 215
Dodaaa 53317 28538 352
mmiikeke 53291 42256 163
_Jaker_ 53285 42282 155
Zarkkor 53266 38809 119
TB13_1013 53264 21827 128
Jeanne_d_Arc 53260 38297 201
Spy21DD 53081 44506 112
DazedDeer 53068 38243 169
Book_book 53060 34593 267
Farsone 53046 25168 194
Raymano 53045 36617 92
Kenneli2002 53000 29185 145
Adonis_ 52940 38149 149
dragonbabie 52905 30057 223
xMoon 52897 25100 168
Alex_you 52750 39570 126
mausu 52705 35811 191
ecargzweki 52695 34723 245
BtsSuga 52599 23556 169
DarthMater 52501 30537 152
Garimo 52494 35449 138
RabbitloveU 52480 41353 139
DigameJavii 52443 32735 146
BeyondTowersZ 52236 34074 208
Fourstd 52171 35341 213
Dctty 52148 32141 125
craftingman84 52121 34630 134
_Rssustar_HJ 52054 24540 233
twinzies8992 51881 23647 227
axphitrite 51760 29960 220
John__Dough 51698 30638 203
AceSergiatte 51650 33063 162
CreatureXXII 51589 33868 276
ChaosTissueBox 51424 30936 154
sterino 51378 27263 275
Cxbat1 51318 40178 224
_Zwey_ 51265 29232 136
DADDYCLEMMIE 51241 20766 92
Arbiter617 51190 33802 143
WHITE_FANG_465 51184 37068 116
CrashDummy420 51150 20910 254
Dzinysovic 51135 34444 182
_indy 51128 18541 321
NeikLightwood 51102 28663 223
TheBlackTax 51087 36542 124
RedShiver 51073 32688 210
Nikaus_Ratte 51037 33456 229
H1ghStreet 51004 38592 131
urwill 50891 25883 146
TSBGGaming 50833 36575 138
Jammymeow 50806 30809 105
CupidTheSparrow 50787 35381 97
Rika_g 50763 28320 235
Blooming_Gods 50620 27289 172
Dark_Luck 50491 24103 100
REAL_TEst 50437 32407 167
Im_CXK 50413 30516 236
BruhItsEasy 50357 35179 175
joebe929 50337 35054 197
AnimationGamesAG 50336 26398 123
recturn 50317 31251 191
MC_HZ2 50309 31855 184
Blumpe 50272 47275 0
Kamru 50191 35814 200
koyang_kat 50160 35212 180
minego_523 50138 35361 134
xXxBlowMeAwayxXx 50112 20410 93
TheGrahamReaper 50097 36343 128
JIOCOCb 50084 38898 109
jerry7789 50081 31244 231
_xCarbon_ 50070 34277 142
PunkteJaeger 50038 29326 174
Telugu_Boy 49931 30778 218
Paraworld__ 49924 36224 115
akyt2011 49909 32976 102
pyazu728 49833 37975 124
TheGoldenSushi 49753 35317 108
LegitR1muru 49688 42141 79
WalkingCarpet 49554 29778 170
iAmSoBadAtThis 49539 24619 118
Maylantha 49511 32188 155
win_tcb 49461 29213 180
miyatika29 49427 29616 247
Jason4812 49321 22244 135
MindedRhyme584 49269 29952 170
Mati20o 49220 31668 203
Sayuzyunki 49156 34527 136
jakefive5 49155 35790 128
YUUTOMO_JAPAN 49098 26682 212
PAMAJI 48949 24982 200
Superstrike_11 48842 27621 172
